,iso_code,location,date,total_cases,new_cases,total_deaths,new_deaths,total_cases_per_million,new_cases_per_million,total_deaths_per_million,new_deaths_per_million,total_tests,new_tests,total_tests_per_thousand,new_tests_per_thousand,tests_units
3241,DEU,Germany,28Jan,1,1,0,0,0.012,0.012,0.0,0.0,,,,,
3242,DEU,Germany,29Jan,4,3,0,0,0.048,0.036000000000000004,0.0,0.0,,,,,
3243,DEU,Germany,30Jan,4,0,0,0,0.048,0.0,0.0,0.0,,,,,
3244,DEU,Germany,31Jan,5,1,0,0,0.06,0.012,0.0,0.0,,,,,
3245,DEU,Germany,01Feb,7,2,0,0,0.084,0.024,0.0,0.0,,,,,
3246,DEU,Germany,02Feb,8,1,0,0,0.095,0.012,0.0,0.0,,,,,
3247,DEU,Germany,03Feb,9,1,0,0,0.107,0.012,0.0,0.0,,,,,
3248,DEU,Germany,04Feb,11,2,0,0,0.131,0.024,0.0,0.0,,,,,
3249,DEU,Germany,05Feb,11,0,0,0,0.131,0.0,0.0,0.0,,,,,
3250,DEU,Germany,06Feb,11,0,0,0,0.131,0.0,0.0,0.0,,,,,
3251,DEU,Germany,07Feb,12,1,0,0,0.14300000000000002,0.012,0.0,0.0,,,,,
3252,DEU,Germany,08Feb,13,1,0,0,0.155,0.012,0.0,0.0,,,,,
3253,DEU,Germany,09Feb,13,0,0,0,0.155,0.0,0.0,0.0,,,,,
3254,DEU,Germany,10Feb,13,0,0,0,0.155,0.0,0.0,0.0,,,,,
3255,DEU,Germany,11Feb,13,0,0,0,0.155,0.0,0.0,0.0,,,,,
3256,DEU,Germany,12Feb,15,2,0,0,0.179,0.024,0.0,0.0,,,,,
3257,DEU,Germany,13Feb,15,0,0,0,0.179,0.0,0.0,0.0,,,,,
3258,DEU,Germany,14Feb,15,0,0,0,0.179,0.0,0.0,0.0,,,,,
3259,DEU,Germany,15Feb,15,0,0,0,0.179,0.0,0.0,0.0,,,,,
3260,DEU,Germany,16Feb,15,0,0,0,0.179,0.0,0.0,0.0,,,,,
3261,DEU,Germany,17Feb,15,0,0,0,0.179,0.0,0.0,0.0,,,,,
3262,DEU,Germany,18Feb,15,0,0,0,0.179,0.0,0.0,0.0,,,,,
3263,DEU,Germany,19Feb,15,0,0,0,0.179,0.0,0.0,0.0,,,,,
3264,DEU,Germany,20Feb,15,0,0,0,0.179,0.0,0.0,0.0,,,,,
3265,DEU,Germany,21Feb,15,0,0,0,0.179,0.0,0.0,0.0,,,,,
3266,DEU,Germany,22Feb,15,0,0,0,0.179,0.0,0.0,0.0,,,,,
3267,DEU,Germany,23Feb,15,0,0,0,0.179,0.0,0.0,0.0,,,,,
3268,DEU,Germany,24Feb,15,0,0,0,0.179,0.0,0.0,0.0,,,,,
3269,DEU,Germany,25Feb,15,0,0,0,0.179,0.0,0.0,0.0,,,,,
3270,DEU,Germany,26Feb,17,2,0,0,0.203,0.024,0.0,0.0,,,,,
3271,DEU,Germany,27Feb,21,4,0,0,0.251,0.048,0.0,0.0,,,,,
3272,DEU,Germany,28Feb,47,26,0,0,0.561,0.31,0.0,0.0,,,,,
3273,DEU,Germany,29Feb,57,10,0,0,0.68,0.11900000000000001,0.0,0.0,,,,,
3274,DEU,Germany,01Mar,111,54,0,0,1.325,0.645,0.0,0.0,,,,,
3275,DEU,Germany,02Mar,129,18,0,0,1.54,0.215,0.0,0.0,,,,,
3276,DEU,Germany,03Mar,157,28,0,0,1.874,0.33399999999999996,0.0,0.0,,,,,
3277,DEU,Germany,04Mar,196,39,0,0,2.339,0.465,0.0,0.0,,,,,
3278,DEU,Germany,05Mar,262,66,0,0,3.127,0.7879999999999999,0.0,0.0,,,,,
3279,DEU,Germany,06Mar,400,138,0,0,4.774,1.6469999999999998,0.0,0.0,,,,,
3280,DEU,Germany,07Mar,684,284,0,0,8.164,3.39,0.0,0.0,,,,,
3281,DEU,Germany,08Mar,847,163,0,0,10.109,1.945,0.0,0.0,124716.0,,1.489,,tests performed
3282,DEU,Germany,09Mar,902,55,0,0,10.765999999999998,0.6559999999999999,0.0,0.0,,,,,
3283,DEU,Germany,10Mar,1139,237,2,2,13.594000000000001,2.8289999999999997,0.024,0.024,,,,,
3284,DEU,Germany,11Mar,1296,157,2,0,15.468,1.874,0.024,0.0,,,,,
3285,DEU,Germany,12Mar,1567,271,3,1,18.703,3.235,0.036000000000000004,0.012,,,,,
3286,DEU,Germany,13Mar,2369,802,5,2,28.275,9.572000000000001,0.06,0.024,,,,,
3287,DEU,Germany,14Mar,3062,693,5,0,36.546,8.271,0.06,0.0,,,,,
3288,DEU,Germany,15Mar,3795,733,8,3,45.295,8.749,0.095,0.036000000000000004,252173.0,,3.01,,tests performed
3289,DEU,Germany,16Mar,4838,1043,12,4,57.744,12.449000000000002,0.14300000000000002,0.048,,,,,
3290,DEU,Germany,17Mar,6012,1174,13,1,71.756,14.012,0.155,0.012,,,,,
3291,DEU,Germany,18Mar,7156,1144,13,0,85.41,13.654000000000002,0.155,0.0,,,,,
3292,DEU,Germany,19Mar,8198,1042,13,0,97.84700000000001,12.437000000000001,0.155,0.0,,,,,
3293,DEU,Germany,20Mar,14138,5940,43,30,168.74400000000003,70.89699999999999,0.513,0.358,,,,,
3294,DEU,Germany,21Mar,18187,4049,45,2,217.07,48.327,0.537,0.024,,,,,
3295,DEU,Germany,22Mar,21463,3276,67,22,256.171,39.101,0.8,0.263,600792.0,,7.171,,tests performed
3296,DEU,Germany,23Mar,24774,3311,94,27,295.689,39.518,1.122,0.322,,,,,
3297,DEU,Germany,24Mar,29212,4438,126,32,348.659,52.97,1.504,0.382,,,,,
3298,DEU,Germany,25Mar,31554,2342,149,23,376.61199999999997,27.953000000000003,1.778,0.275,,,,,
3299,DEU,Germany,26Mar,36508,4954,198,49,435.74,59.128,2.363,0.585,,,,,
3300,DEU,Germany,27Mar,42288,5780,253,55,504.727,68.987,3.02,0.6559999999999999,,,,,
3301,DEU,Germany,28Mar,48582,6294,325,72,579.849,75.122,3.8789999999999996,0.8590000000000001,,,,,
3302,DEU,Germany,29Mar,52547,3965,389,64,627.173,47.324,4.643,0.764,962307.0,,11.485999999999999,,tests performed
3303,DEU,Germany,30Mar,57298,4751,455,66,683.878,56.705,5.431,0.7879999999999999,,,,,
3304,DEU,Germany,31Mar,61913,4615,583,128,738.96,55.082,6.957999999999999,1.528,,,,,
3305,DEU,Germany,01Apr,67366,5453,732,149,804.044,65.084,8.737,1.778,,,,,
3306,DEU,Germany,02Apr,73522,6156,872,140,877.5189999999999,73.475,10.408,1.671,,,,,
3307,DEU,Germany,03Apr,79696,6174,1017,145,951.2080000000001,73.69,12.138,1.7309999999999999,,,,,
3308,DEU,Germany,04Apr,85778,6082,1158,141,1023.8,72.59100000000001,13.821,1.683,,,,,
3309,DEU,Germany,05Apr,91714,5936,1342,184,1094.649,70.84899999999999,16.017,2.1959999999999997,1370655.0,,16.359,,tests performed
3310,DEU,Germany,06Apr,95391,3677,1434,92,1138.536,43.887,17.115,1.0979999999999999,,,,,
3311,DEU,Germany,07Apr,99225,3834,1607,173,1184.296,45.761,19.18,2.065,,,,,
3312,DEU,Germany,08Apr,103228,4003,1861,254,1232.0739999999998,47.778,22.212,3.032,,,,,
3313,DEU,Germany,09Apr,108202,4974,2107,246,1291.441,59.367,25.148000000000003,2.9360000000000004,,,,,
3314,DEU,Germany,10Apr,113525,5323,2373,266,1354.973,63.532,28.323,3.175,,,,,
3315,DEU,Germany,11Apr,117658,4133,2544,171,1404.3020000000001,49.32899999999999,30.364,2.041,,,,,
3316,DEU,Germany,12Apr,120479,2821,2673,129,1437.9720000000002,33.67,31.903000000000002,1.54,1749888.0,,20.886,,tests performed
3317,DEU,Germany,13Apr,123016,2537,2799,126,1468.253,30.28,33.407,1.504,,,,,
3318,DEU,Germany,14Apr,125098,2082,2969,170,1493.102,24.85,35.436,2.029,,,,,
3319,DEU,Germany,15Apr,127584,2486,3254,285,1522.774,29.671999999999997,38.838,3.4019999999999997,,,,,
3320,DEU,Germany,16Apr,130450,2866,3569,315,1556.981,34.207,42.598,3.76,,,,,
3321,DEU,Germany,17Apr,133830,3380,3868,299,1597.3229999999999,40.342,46.166000000000004,3.569,,,,,
3322,DEU,Germany,18Apr,137439,3609,4110,242,1640.398,43.075,49.055,2.888,,,,,
3323,DEU,Germany,19Apr,139897,2458,4294,184,1669.735,29.337,51.251000000000005,2.1959999999999997,2079915.0,,24.825,,tests performed
3324,DEU,Germany,20Apr,141672,1775,4404,110,1690.921,21.185,52.56399999999999,1.3130000000000002,,,,,
3325,DEU,Germany,21Apr,143457,1785,4598,194,1712.225,21.305,54.879,2.315,,,,,
3326,DEU,Germany,22Apr,145694,2237,4879,281,1738.925,26.7,58.233000000000004,3.3539999999999996,,,,,
3327,DEU,Germany,23Apr,148046,2352,5094,215,1766.997,28.072,60.799,2.5660000000000003,,,,,
3328,DEU,Germany,24Apr,150383,2337,5321,227,1794.89,27.893,63.50899999999999,2.7089999999999996,,,,,
3329,DEU,Germany,25Apr,152438,2055,5500,179,1819.418,24.526999999999997,65.645,2.136,,,,,
3330,DEU,Germany,26Apr,154175,1737,5640,140,1840.15,20.732,67.316,1.671,2547052.0,,30.4,,tests performed
3331,DEU,Germany,27Apr,155193,1018,5750,110,1852.3,12.15,68.62899999999999,1.3130000000000002,,,,,
3332,DEU,Germany,28Apr,156337,1144,5913,163,1865.954,13.654000000000002,70.574,1.945,,,,,
3333,DEU,Germany,29Apr,157641,1304,6115,202,1881.5179999999998,15.564,72.985,2.411,,,,,
